   1.0000000000000000E-003  0.10638541665615764     
   1.1000000000000001E-003  0.11172273048652670     
   1.2000000000000001E-003  0.11679756318699752     
   1.3000000000000002E-003  0.12163685768792160     
   1.4000000000000002E-003  0.12627234487451844     
   1.5000000000000002E-003  0.13071966805153240     
   1.6000000000000003E-003  0.13499807470536923     
   1.7000000000000003E-003  0.13912489624953744     
   1.8000000000000004E-003  0.14310918253930377     
   1.9000000000000004E-003  0.14696319674305214     
   2.0000000000000005E-003  0.15069880174214301     
   2.1000000000000003E-003  0.15432485539587010     
   2.2000000000000001E-003  0.15784651980247560     
   2.3000000000000000E-003  0.16127132817668022     
   2.3999999999999998E-003  0.16460612558267224     
   2.4999999999999996E-003  0.16785693316275957     
   2.5999999999999994E-003  0.17102756211637365     
   2.6999999999999993E-003  0.17412216678698256     
   2.7999999999999991E-003  0.17714518976863342     
   2.8999999999999989E-003  0.18010066494234828     
   2.9999999999999988E-003  0.18299226805294938     
   3.0999999999999986E-003  0.18582302435384040     
   3.1999999999999984E-003  0.18859517222125138     
   3.2999999999999982E-003  0.19131159100384720     
   3.3999999999999981E-003  0.19397497989366952     
   3.4999999999999979E-003  0.19658783243565109     
   3.5999999999999977E-003  0.19915245765103695     
   3.6999999999999976E-003  0.20167099835960794     
   3.7999999999999974E-003  0.20414520023254201     
   3.8999999999999972E-003  0.20657661427723062     
   3.9999999999999975E-003  0.20896687335862213     
   4.0999999999999977E-003  0.21131751533718091     
   4.1999999999999980E-003  0.21362999037616848     
   4.2999999999999983E-003  0.21590566756108631     
   4.3999999999999985E-003  0.21814584090664274     
   4.4999999999999988E-003  0.22035173481735726     
   4.5999999999999991E-003  0.22252450886410152     
   4.6999999999999993E-003  0.22466526016795213     
   4.7999999999999996E-003  0.22677502887653217     
   4.8999999999999998E-003  0.22885480340394371     
   5.0000000000000001E-003  0.23090552386320601     
   5.1000000000000004E-003  0.23292808520822683     
   5.2000000000000006E-003  0.23492334012341093     
   5.3000000000000009E-003  0.23689210168477504     
   5.4000000000000012E-003  0.23883514581385884     
   5.5000000000000014E-003  0.24075321354347151     
   5.6000000000000017E-003  0.24264704437642237     
   5.7000000000000019E-003  0.24451735750604375     
   5.8000000000000022E-003  0.24636477675899987     
   5.9000000000000025E-003  0.24818989969045657     
   6.0000000000000027E-003  0.24999330025931865     
   6.1000000000000030E-003  0.25177553005528153     
   6.2000000000000033E-003  0.25353711944817509     
   6.3000000000000035E-003  0.25527857866527343     
   6.4000000000000038E-003  0.25700039880178749     
   6.5000000000000040E-003  0.25870305276934502     
   6.6000000000000043E-003  0.26038699618687405     
   6.7000000000000046E-003  0.26205266821796064     
   6.8000000000000048E-003  0.26370051620335888     
   6.9000000000000051E-003  0.26533103749204473     
   7.0000000000000053E-003  0.26694463032995830     
   7.1000000000000056E-003  0.26854167060639872     
   7.2000000000000059E-003  0.27012252150789606     
   7.3000000000000061E-003  0.27168753408830693     
   7.4000000000000064E-003  0.27323704780737956     
   7.5000000000000067E-003  0.27477139103984005     
   7.6000000000000069E-003  0.27629088155688974     
   7.7000000000000072E-003  0.27779582698187399     
   7.8000000000000074E-003  0.27928652522175462     
   7.9000000000000077E-003  0.28076326487589465     
   8.0000000000000071E-003  0.28222632562356625     
   8.1000000000000065E-003  0.28367597859148647     
   8.2000000000000059E-003  0.28511248670259576     
   8.3000000000000053E-003  0.28653637872335891     
   8.4000000000000047E-003  0.28794857750369901     
   8.5000000000000041E-003  0.28934915498822861     
   8.6000000000000035E-003  0.29073813802803733     
   8.7000000000000029E-003  0.29211556029853408     
   8.8000000000000023E-003  0.29348146167507067     
   8.9000000000000017E-003  0.29483588765949298     
   9.0000000000000011E-003  0.29617888885326432     
   9.1000000000000004E-003  0.29751052047320825     
   9.1999999999999998E-003  0.29883084190628217     
   9.2999999999999992E-003  0.30013991630011638     
   9.3999999999999986E-003  0.30143781018635218     
   9.4999999999999980E-003  0.30272459313406980     
   9.5999999999999974E-003  0.30400033743084587     
   9.6999999999999968E-003  0.30526511778919052     
   9.7999999999999962E-003  0.30651901107631246     
   9.8999999999999956E-003  0.30776209606533561     
   9.9999999999999950E-003  0.30899445320625601     
   1.0099999999999994E-002  0.31021664492780776     
   1.1099999999999995E-002  0.32202972785650963     
   1.2099999999999996E-002  0.33306966135813582     
   1.3099999999999997E-002  0.34343453474492303     
   1.4099999999999998E-002  0.35321200129393843     
   1.5099999999999999E-002  0.36248587423215084     
   1.6100000000000000E-002  0.37129468386126235     
   1.7100000000000001E-002  0.37969895533347892     
   1.8100000000000002E-002  0.38774916001481219     
   1.9100000000000002E-002  0.39546923222001029     
   2.0100000000000003E-002  0.40288660236747409     
   2.1100000000000004E-002  0.41004119038215775     
   2.2100000000000005E-002  0.41695658719110718     
   2.3100000000000006E-002  0.42364586623501616     
   2.4100000000000007E-002  0.43012104852909111     
   2.5100000000000008E-002  0.43640859414774230     
   2.6100000000000009E-002  0.44252605470770562     
   2.7100000000000009E-002  0.44848454054604947     
   2.8100000000000010E-002  0.45428982175976179     
   2.9100000000000011E-002  0.45994643994713191     
   3.0100000000000012E-002  0.46547129644703034     
   3.1100000000000013E-002  0.47087768404539132     
   3.2100000000000010E-002  0.47617201100344503     
   3.3100000000000011E-002  0.48136095065753137     
   3.4100000000000012E-002  0.48644718842197943     
   3.5100000000000013E-002  0.49143011912821644     
   3.6100000000000014E-002  0.49631966024330154     
   3.7100000000000015E-002  0.50112503179532786     
   3.8100000000000016E-002  0.50585229702277457     
   3.9100000000000017E-002  0.51050446180685138     
   4.0100000000000018E-002  0.51508486982004276     
   4.1100000000000018E-002  0.51959605574002576     
   4.2100000000000019E-002  0.52403483041516929     
   4.3100000000000020E-002  0.52840493413319356     
   4.4100000000000021E-002  0.53271194707210179     
   4.5100000000000022E-002  0.53696089530253766     
   4.6100000000000023E-002  0.54115594472706485     
   4.7100000000000024E-002  0.54529895160254860     
   4.8100000000000025E-002  0.54939107712059465     
   4.9100000000000026E-002  0.55343345858726678     
   5.0100000000000026E-002  0.55742694320176034     
   5.1100000000000027E-002  0.56136935606196925     
   5.2100000000000028E-002  0.56526228910293141     
   5.3100000000000029E-002  0.56910853988386934     
   5.4100000000000030E-002  0.57291068943874501     
   5.5100000000000031E-002  0.57667112234176698     
   5.6100000000000032E-002  0.58039269184637432     
   5.7100000000000033E-002  0.58407744330010281     
   5.8100000000000034E-002  0.58772503801618858     
   5.9100000000000034E-002  0.59133517706936867     
   6.0100000000000035E-002  0.59490764710730315     
   6.1100000000000036E-002  0.59844228965277779     
   6.2100000000000037E-002  0.60193899801663342     
   6.3100000000000031E-002  0.60539863277878470     
   6.4100000000000032E-002  0.60882223121506185     
   6.5100000000000033E-002  0.61221078387211936     
   6.6100000000000034E-002  0.61556523742672153     
   6.7100000000000035E-002  0.61888649732642309     
   6.8100000000000036E-002  0.62217623932380706     
   6.9100000000000036E-002  0.62543826063161412     
   7.0100000000000037E-002  0.62867178678597169     
   7.1100000000000038E-002  0.63187560339567328     
   7.2100000000000039E-002  0.63504862732100265     
   7.3100000000000040E-002  0.63818989548337701     
   7.4100000000000041E-002  0.64129855467550734     
   7.5100000000000042E-002  0.64437532800546560     
   7.6100000000000043E-002  0.64742266949876959     
   7.7100000000000043E-002  0.65044063073692815     
   7.8100000000000044E-002  0.65342922965625005     
   7.9100000000000045E-002  0.65638850981607222     
   8.0100000000000046E-002  0.65931853793680317     
   8.1100000000000047E-002  0.66221940165556936     
   8.2100000000000048E-002  0.66509120747918316     
   8.3100000000000049E-002  0.66793549146676257     
   8.4100000000000050E-002  0.67075724766416134     
   8.5100000000000051E-002  0.67355534723983435     
   8.6100000000000051E-002  0.67632814199374991     
   8.7100000000000052E-002  0.67907411520246774     
   8.8100000000000053E-002  0.68179187254441653     
   8.9100000000000054E-002  0.68448013369320815     
   9.0100000000000055E-002  0.68713772452480815     
   9.1100000000000056E-002  0.68976417421784941     
   9.2100000000000057E-002  0.69236471080688433     
   9.3100000000000058E-002  0.69494034081452982     
   9.4100000000000059E-002  0.69749056435714774     
   9.5100000000000059E-002  0.70001492955218392     
   9.6100000000000060E-002  0.70251302928985770     
   9.7100000000000061E-002  0.70498449822885423     
   9.8100000000000062E-002  0.70742900999908043     
   9.9100000000000063E-002  0.70984627459594773     
  0.10010000000000006       0.71223603595193241     
  0.10110000000000006       0.71459864050304711     
  0.10210000000000007       0.71694052094620053     
  0.10310000000000007       0.71926202269024875     
  0.10410000000000007       0.72156131657836109     
  0.10510000000000007       0.72383668903558684     
  0.10610000000000007       0.72608653551515823     
  0.10710000000000007       0.72830935434434652     
  0.10810000000000007       0.73050374094292969     
  0.10910000000000007       0.73266838238933707     
  0.11010000000000007       0.73480205231138707     
  0.11110000000000007       0.73690408778459160     
  0.11210000000000007       0.73898128973821353     
  0.11310000000000008       0.74103576502918211     
  0.11410000000000008       0.74306700000228110     
  0.11510000000000008       0.74507451855610607     
  0.11610000000000008       0.74705788007950513     
  0.11710000000000008       0.74901667750621292     
  0.11810000000000008       0.75095053548026824     
  0.11910000000000008       0.75285910862532135     
  0.12010000000000008       0.75474207991139863     
  0.12110000000000008       0.75659915911314712     
  0.12210000000000008       0.75843008135396617     
  0.12310000000000008       0.76023460723553415     
  0.12410000000000009       0.76201425461995420     
  0.12510000000000007       0.76377065239611830     
  0.12610000000000007       0.76550402704830112     
  0.12710000000000007       0.76721460363926464     
  0.12810000000000007       0.76890260573623292     
  0.12910000000000008       0.77056825534402751     
  0.13010000000000008       0.77221177284484355     
  0.13110000000000008       0.77383337694419563     
  0.13210000000000008       0.77543328462258376     
  0.13310000000000008       0.77701171109247147     
  0.13410000000000008       0.77856886976018658     
  0.13510000000000008       0.78010497219239683     
  0.13610000000000008       0.78161328009358044     
  0.13710000000000008       0.78308169014138274     
  0.13810000000000008       0.78451686248452879     
  0.13910000000000008       0.78592587760065058     
  0.14010000000000009       0.78731548716023503     
  0.14110000000000009       0.78868626501695704     
  0.14210000000000009       0.79003469098518941     
  0.14310000000000009       0.79135918414832207     
  0.14410000000000009       0.79265823662409352     
  0.14510000000000009       0.79393088725879701     
  0.14610000000000009       0.79517982953522659     
  0.14710000000000009       0.79640538792688687     
  0.14810000000000009       0.79760715568376495     
  0.14910000000000009       0.79878474948177813     
  0.15010000000000009       0.79993808277227041     
  0.15110000000000010       0.80106868149580213     
  0.15210000000000010       0.80217618063377927     
  0.15310000000000010       0.80325981271641733     
  0.15410000000000010       0.80431884673702791     
  0.15510000000000010       0.80535303968592709     
  0.15610000000000010       0.80636490761512747     
  0.15710000000000010       0.80735443705211518     
  0.15810000000000010       0.80832103012949674     
  0.15910000000000010       0.80926411751967775     
  0.16010000000000010       0.81018318490821783     
  0.16110000000000010       0.81107960586839822     
  0.16210000000000011       0.81195380823025309     
  0.16310000000000011       0.81280500961658320     
  0.16410000000000011       0.81363246189783855     
  0.16510000000000011       0.81443544991326633     
  0.16610000000000011       0.81521463637163416     
  0.16710000000000011       0.81597222755450671     
  0.16810000000000011       0.81670784787688300     
  0.16910000000000011       0.81742106120807256     
  0.17010000000000011       0.81811145201345659     
  0.17110000000000011       0.81877863883185587     
  0.17210000000000011       0.81942376889431789     
  0.17310000000000011       0.82004733248650774     
  0.17410000000000012       0.82064874228170015     
  0.17510000000000012       0.82122743593400627     
  0.17610000000000012       0.82178287519516902     
  0.17710000000000012       0.82231487293220829     
  0.17810000000000012       0.82282588271057788     
  0.17910000000000012       0.82331612854934044     
  0.18010000000000012       0.82378515252818318     
  0.18110000000000012       0.82423251628640670     
  0.18210000000000012       0.82465780034761393     
  0.18310000000000012       0.82506073873573338     
  0.18410000000000012       0.82544283187602097     
  0.18510000000000013       0.82580414012815462     
  0.18610000000000013       0.82614408893757396     
  0.18710000000000013       0.82646212631548965     
  0.18810000000000013       0.82675772209433296     
  0.18910000000000013       0.82703046309479522     
  0.19010000000000013       0.82728246720152354     
  0.19110000000000013       0.82751452676577497     
  0.19210000000000013       0.82772631067965519     
  0.19310000000000013       0.82791750186479784     
  0.19410000000000013       0.82808779681159306     
  0.19510000000000013       0.82823690513427661     
  0.19610000000000014       0.82836511914031885     
  0.19710000000000014       0.82847365140949103     
  0.19810000000000014       0.82856214344451640     
  0.19910000000000014       0.82863015915750604     
  0.20010000000000014       0.82867727905888344     
  0.20110000000000014       0.82870309974018463     
  0.20210000000000014       0.82870730514360569     
  0.20310000000000014       0.82869184783229588     
  0.20410000000000014       0.82865754941432512     
  0.20510000000000014       0.82860414539854743     
  0.20610000000000014       0.82853138212512567     
  0.20710000000000015       0.82843901642960516     
  0.20810000000000015       0.82832681531786934     
  0.20910000000000015       0.82819461390574056     
  0.21010000000000015       0.82804349789538101     
  0.21110000000000015       0.82787368302375219     
  0.21210000000000015       0.82768482379885921     
  0.21310000000000015       0.82747658737872010     
  0.21410000000000015       0.82724865319875085     
  0.21510000000000015       0.82700071261073049     
  0.21610000000000015       0.82673259658987974     
  0.21710000000000015       0.82644625749815537     
  0.21810000000000015       0.82614228886588292     
  0.21910000000000016       0.82582049250021383     
  0.22010000000000016       0.82548067820402404     
  0.22110000000000016       0.82512266354093389     
  0.22210000000000016       0.82474627360749608     
  0.22310000000000016       0.82435134081231332     
  0.22410000000000016       0.82393828141913883     
  0.22510000000000016       0.82350788936066588     
  0.22610000000000016       0.82305991907788734     
  0.22710000000000016       0.82259411482787126     
  0.22810000000000016       0.82211023001414829     
  0.22910000000000016       0.82160802693211377     
  0.23010000000000017       0.82108727652186075     
  0.23110000000000017       0.82054798897974557     
  0.23210000000000017       0.81999204103827883     
  0.23310000000000017       0.81941978251122927     
  0.23410000000000017       0.81883108288920481     
  0.23510000000000017       0.81822581711568754     
  0.23610000000000017       0.81760386543381325     
  0.23710000000000017       0.81696511323757337     
  0.23810000000000017       0.81630945092729557     
  0.23910000000000017       0.81563690651951026     
  0.24010000000000017       0.81494830523826078     
  0.24110000000000018       0.81424365162771750     
  0.24210000000000018       0.81352276162469495     
  0.24310000000000018       0.81278545767150523     
  0.24410000000000018       0.81203156854389491     
  0.24510000000000018       0.81126092918372383     
  0.24610000000000018       0.81047338053624896     
  0.24710000000000018       0.80966906700649188     
  0.24810000000000018       0.80884963772379104     
  0.24910000000000018       0.80801532210201665     
  0.25010000000000016       0.80716606567144711     
  0.25110000000000016       0.80630181697789927     
  0.25210000000000016       0.80542252749890497     
  0.25310000000000016       0.80452815156220536     
  0.25410000000000016       0.80361864626649526     
  0.25510000000000016       0.80269397140809395     
  0.25610000000000016       0.80175449749938354     
  0.25710000000000016       0.80080055130691241     
  0.25810000000000016       0.79983203931512004     
  0.25910000000000016       0.79884887174619501     
  0.26010000000000016       0.79785096246371989     
  0.26110000000000017       0.79683822887885336     
  0.26210000000000017       0.79581059185897440     
  0.26310000000000017       0.79476797563872159     
  0.26410000000000017       0.79371054436994970     
  0.26510000000000017       0.79263965404319547     
  0.26610000000000017       0.79155552566172627     
  0.26710000000000017       0.79045815321074109     
  0.26810000000000017       0.78934753216143150     
  0.26910000000000017       0.78822365942834438     
  0.27010000000000017       0.78708653332788814     
  0.27110000000000017       0.78593615353795498     
  0.27210000000000018       0.78477252105862483     
  0.27310000000000018       0.78359567835034294     
  0.27410000000000018       0.78240596076058389     
  0.27510000000000018       0.78120341929335269     
  0.27610000000000018       0.77998802632184194     
  0.27710000000000018       0.77875975604856618     
  0.27810000000000018       0.77751858445777278     
  0.27910000000000018       0.77626448926906289     
  0.28010000000000018       0.77499744989218766     
  0.28110000000000018       0.77371744738298887     
  0.28210000000000018       0.77242454055025445     
  0.28310000000000018       0.77111973436891723     
  0.28410000000000019       0.76980338109083413     
  0.28510000000000019       0.76847552656113249     
  0.28610000000000019       0.76713621671094334     
  0.28710000000000019       0.76578549754804137     
  0.28810000000000019       0.76442341514778089     
  0.28910000000000019       0.76305001564432406     
  0.29010000000000019       0.76166534522215001     
  0.29110000000000019       0.76026945010783809     
  0.29210000000000019       0.75886238766363467     
  0.29310000000000019       0.75744424097573237     
  0.29410000000000019       0.75601504750638582     
  0.29510000000000020       0.75457484044227119     
  0.29610000000000020       0.75312365323800612     
  0.29710000000000020       0.75166151960426364     
  0.29810000000000020       0.75018847349621931     
  0.29910000000000020       0.74870454910231954     
  0.30010000000000020       0.74720978083336542     
  0.30110000000000020       0.74570420331190268     
  0.30210000000000020       0.74418821719492489     
  0.30310000000000020       0.74266241424088919     
  0.30410000000000020       0.74112689069477489     
  0.30510000000000020       0.73958173792670778     
  0.30610000000000021       0.73802704629768312     
  0.30710000000000021       0.73646290517338309     
  0.30810000000000021       0.73488940293777172     
  0.30910000000000021       0.73330662700645910     
  0.31010000000000021       0.73171466383985084     
  0.31110000000000021       0.73011359895607719     
  0.31210000000000021       0.72850346630019491     
  0.31310000000000021       0.72688407758342555     
  0.31410000000000021       0.72525548484260671     
  0.31510000000000021       0.72361778126076970     
  0.31610000000000021       0.72197105895032454     
  0.31710000000000022       0.72031540896811774     
  0.31810000000000022       0.71865092133023600     
  0.31910000000000022       0.71697768502656056     
  0.32010000000000022       0.71529578803507854     
  0.32110000000000022       0.71360531733595123     
  0.32210000000000022       0.71190636278094277     
  0.32310000000000022       0.71019925475552770     
  0.32410000000000022       0.70848424832986101     
  0.32510000000000022       0.70676146050985300     
  0.32610000000000022       0.70503100671903374     
  0.32710000000000022       0.70329300082307866     
  0.32810000000000022       0.70154755515389144     
  0.32910000000000023       0.69979478053325528     
  0.33010000000000023       0.69803478629606097     
  0.33110000000000023       0.69626768031311870     
  0.33210000000000023       0.69449356901356263     
  0.33310000000000023       0.69271255675252796     
  0.33410000000000023       0.69092438537001577     
  0.33510000000000023       0.68912886973428167     
  0.33610000000000023       0.68732613576524659     
  0.33710000000000023       0.68551630764162763     
  0.33810000000000023       0.68369950782783651     
  0.33910000000000023       0.68187585710039944     
  0.34010000000000024       0.68004547457391307     
  0.34110000000000024       0.67820847772653403     
  0.34210000000000024       0.67636498242502685     
  0.34310000000000024       0.67451510294936612     
  0.34410000000000024       0.67265895201690951     
  0.34510000000000024       0.67079660399852481     
  0.34610000000000024       0.66892815033344077     
  0.34710000000000024       0.66705374146769769     
  0.34810000000000024       0.66517352578998534     
  0.34910000000000024       0.66328764952495178     
  0.35010000000000024       0.66139625676689584     
  0.35110000000000025       0.65949948951286397     
  0.35210000000000025       0.65759748769516690     
  0.35310000000000025       0.65569038921332590     
  0.35410000000000025       0.65377832996545959     
  0.35510000000000025       0.65186144387912437     
  0.35610000000000025       0.64993985919395836     
  0.35710000000000025       0.64801309448333599     
  0.35810000000000025       0.64608086259024078     
  0.35910000000000025       0.64414333132114532     
  0.36010000000000025       0.64220066602296477     
  0.36110000000000025       0.64025302962078401     
  0.36210000000000025       0.63830058265493705     
  0.36310000000000026       0.63634348331744561     
  0.36410000000000026       0.63438188748783553     
  0.36510000000000026       0.63241594876833673     
  0.36610000000000026       0.63044581851848247     
  0.36710000000000026       0.62847164588912008     
  0.36810000000000026       0.62649356456501493     
  0.36910000000000026       0.62451135774480426     
  0.37010000000000026       0.62252501806156113     
  0.37110000000000026       0.62053470267960520     
  0.37210000000000026       0.61854056647630429     
  0.37310000000000026       0.61654276207638081     
  0.37410000000000027       0.61454143988564502     
  0.37510000000000027       0.61253674812416103     
  0.37610000000000027       0.61052883285885884     
  0.37710000000000027       0.60851783803560300     
  0.37810000000000027       0.60650390551072664     
  0.37910000000000027       0.60448717508204319     
  0.38010000000000027       0.60246778451934235     
  0.38110000000000027       0.60044568111199126     
  0.38210000000000027       0.59842005160934786     
  0.38310000000000027       0.59639094058214714     
  0.38410000000000027       0.59435852855815441     
  0.38510000000000028       0.59232299345181993     
  0.38610000000000028       0.59028451060262555     
  0.38710000000000028       0.58824325281280221     
  0.38810000000000028       0.58619939038443414     
  0.38910000000000028       0.58415309115595815     
  0.39010000000000028       0.58210452053807082     
  0.39110000000000028       0.58005384154905437     
  0.39210000000000028       0.57800121484953038     
  0.39310000000000028       0.57594679877665322     
  0.39410000000000028       0.57389040624146537     
  0.39510000000000028       0.57183162384513497     
  0.39610000000000029       0.56977061189728329     
  0.39710000000000029       0.56770753758952852     
  0.39810000000000029       0.56564256572424121     
  0.39910000000000029       0.56357585874872262     
  0.40010000000000029       0.56150757678883734     
  0.40110000000000029       0.55943787768211595     
  0.40210000000000029       0.55736691701033225     
  0.40310000000000029       0.55529484813156693     
  0.40410000000000029       0.55322182221176763     
  0.40510000000000029       0.55114798825581035     
  0.40610000000000029       0.54907349313807774     
  0.40710000000000029       0.54699840917303477     
  0.40810000000000030       0.54492178361958510     
  0.40910000000000030       0.54284343401599588     
  0.41010000000000030       0.54076355797649223     
  0.41110000000000030       0.53868235033167766     
  0.41210000000000030       0.53660000316737044     
  0.41310000000000030       0.53451670586284206     
  0.41410000000000030       0.53243264512846777     
  0.41510000000000030       0.53034800504279467     
  0.41610000000000030       0.52826296708904419     
  0.41710000000000030       0.52617771019105408     
  0.41810000000000030       0.52409241074867097     
  0.41910000000000031       0.52200724267260246     
  0.42010000000000031       0.51992237741873948     
  0.42110000000000031       0.51783762735539829     
  0.42210000000000031       0.51575228670341178     
  0.42310000000000031       0.51366647905248541     
  0.42410000000000031       0.51158036535208640     
  0.42510000000000031       0.50949410432457465     
  0.42610000000000031       0.50740785249541576     
  0.42710000000000031       0.50532176422294284     
  0.42810000000000031       0.50323599172767253     
  0.42910000000000031       0.50115068512118455     
  0.43010000000000032       0.49906599243457123     
  0.43110000000000032       0.49698205964646314     
  0.43210000000000032       0.49489903071064062     
  0.43310000000000032       0.49281704758323552     
  0.43410000000000032       0.49073625024953077     
  0.43510000000000032       0.48865671977921821     
  0.43610000000000032       0.48657744616395587     
  0.43710000000000032       0.48449816204966339     
  0.43810000000000032       0.48241906235747833     
  0.43910000000000032       0.48034033936917003     
  0.44010000000000032       0.47826218276195903     
  0.44110000000000033       0.47618477964283018     
  0.44210000000000033       0.47410831458234837     
  0.44310000000000033       0.47203296964798352     
  0.44410000000000033       0.46995892443695569     
  0.44510000000000033       0.46788635610860441     
  0.44610000000000033       0.46581543941629289     
  0.44710000000000033       0.46374634673885301     
  0.44810000000000033       0.46167924811157973     
  0.44910000000000033       0.45961431125677960     
  0.45010000000000033       0.45755125195610014     
  0.45110000000000033       0.45548920698015294     
  0.45210000000000033       0.45342829226850923     
  0.45310000000000034       0.45136866130894909     
  0.45410000000000034       0.44931046554417536     
  0.45510000000000034       0.44725385439805432     
  0.45610000000000034       0.44519897530148755     
  0.45710000000000034       0.44314597371791858     
  0.45810000000000034       0.44109499316848139     
  0.45910000000000034       0.43904617525679762     
  0.46010000000000034       0.43699965969342480     
  0.46110000000000034       0.43495558431996384     
  0.46210000000000034       0.43291408513283014     
  0.46310000000000034       0.43087529630669369     
  0.46410000000000035       0.42883935021759262     
  0.46510000000000035       0.42680630663075925     
  0.46610000000000035       0.42477506875503834     
  0.46710000000000035       0.42274536782318262     
  0.46810000000000035       0.42071739285254595     
  0.46910000000000035       0.41869133041278911     
  0.47010000000000035       0.41666736465634258     
  0.47110000000000035       0.41464567734845281     
  0.47210000000000035       0.41262644789681940     
  0.47310000000000035       0.41060985338082773     
  0.47410000000000035       0.40859606858038477     
  0.47510000000000036       0.40658526600436395     
  0.47610000000000036       0.40457761591866320     
  0.47710000000000036       0.40257328637388484     
  0.47810000000000036       0.40057244323264068     
  0.47910000000000036       0.39857525019648998     
  0.48010000000000036       0.39658186883251290     
  0.48110000000000036       0.39459192950514127     
  0.48210000000000036       0.39260446973697166     
  0.48310000000000036       0.39061959164109844     
  0.48410000000000036       0.38863743062591188     
  0.48510000000000036       0.38665812036494507     
  0.48610000000000037       0.38468179281790676     
  0.48710000000000037       0.38270857825143562     
  0.48810000000000037       0.38073860525958064     
  0.48910000000000037       0.37877200078400924     
  0.49010000000000037       0.37680889013395003     
  0.49110000000000037       0.37484939700587216     
  0.49210000000000037       0.37289364350290555     
  0.49310000000000037       0.37094175015400638     
  0.49410000000000037       0.36899383593287105     
  0.49510000000000037       0.36705001827660227     
  0.49610000000000037       0.36511041310413189     
  0.49710000000000037       0.36317508549234878     
  0.49810000000000038       0.36124298590062826     
  0.49910000000000038       0.35931378020448035     
  0.50010000000000032       0.35738763831084869     
  0.50110000000000032       0.35546472802616802     
  0.50210000000000032       0.35354521508100589     
  0.50310000000000032       0.35162926315438647     
  0.50410000000000033       0.34971703389780473     
  0.50510000000000033       0.34780868695893191     
  0.50610000000000033       0.34590438000501850     
  0.50710000000000033       0.34400426874599754     
  0.50810000000000033       0.34210850695729633     
  0.50910000000000033       0.34021724650235402     
  0.51010000000000033       0.33833063735485697     
  0.51110000000000033       0.33644882762068934     
  0.51210000000000033       0.33457196355960733     
  0.51310000000000033       0.33270018960663839     
  0.51410000000000033       0.33083324268683040     
  0.51510000000000034       0.32897000836307111     
  0.51610000000000034       0.32711051977514727     
  0.51710000000000034       0.32525489566047538     
  0.51810000000000034       0.32340325329652170     
  0.51910000000000034       0.32155570851751442     
  0.52010000000000034       0.31971237573094641     
  0.52110000000000034       0.31787336793387327     
  0.52210000000000034       0.31603879672900820     
  0.52310000000000034       0.31420877234061689     
  0.52410000000000034       0.31238340363021594     
  0.52510000000000034       0.31056279811207604     
  0.52610000000000035       0.30874706196853413     
  0.52710000000000035       0.30693630006511652     
  0.52810000000000035       0.30513061596547503     
  0.52910000000000035       0.30333011194613985     
  0.53010000000000035       0.30153488901109016     
  0.53110000000000035       0.29974504690614767     
  0.53210000000000035       0.29796033673382760     
  0.53310000000000035       0.29618040915781435     
  0.53410000000000035       0.29440524141322322     
  0.53510000000000035       0.29263481095522614     
  0.53610000000000035       0.29086909538681749     
  0.53710000000000035       0.28910807245757691     
  0.53810000000000036       0.28735172006244658     
  0.53910000000000036       0.28560001624051773     
  0.54010000000000036       0.28385293917383253     
  0.54110000000000036       0.28211046718619653     
  0.54210000000000036       0.28037257874200355     
  0.54310000000000036       0.27863925244507204     
  0.54410000000000036       0.27691046703749367     
  0.54510000000000036       0.27518620139849326     
  0.54610000000000036       0.27346643454329994     
  0.54710000000000036       0.27175114562202973     
  0.54810000000000036       0.27004031391857986     
  0.54910000000000037       0.26833408544512843     
  0.55010000000000037       0.26663506238031959     
  0.55110000000000037       0.26494355207684539     
  0.55210000000000037       0.26325878751775750     
  0.55310000000000037       0.26158000984699470     
  0.55410000000000037       0.25990646828401071     
  0.55510000000000037       0.25823742950746448     
  0.55610000000000037       0.25657310697347790     
  0.55710000000000037       0.25491399139823867     
  0.55810000000000037       0.25326019016648377     
  0.55910000000000037       0.25161180940292233     
  0.56010000000000038       0.24996895398572999     
  0.56110000000000038       0.24833172755988875     
  0.56210000000000038       0.24669998165843410     
  0.56310000000000038       0.24507351918323175     
  0.56410000000000038       0.24345243854129786     
  0.56510000000000038       0.24183683751299853     
  0.56610000000000038       0.24022681273324084     
  0.56710000000000038       0.23862245970362916     
  0.56810000000000038       0.23702376687387175     
  0.56910000000000038       0.23543047293392128     
  0.57010000000000038       0.23384265756735520     
  0.57110000000000039       0.23226042987416204     
  0.57210000000000039       0.23068389770092321     
  0.57310000000000039       0.22911316765394338     
  0.57410000000000039       0.22754831308556600     
  0.57510000000000039       0.22598904424610189     
  0.57610000000000039       0.22443532809132380     
  0.57710000000000039       0.22288724232236759     
  0.57810000000000039       0.22134486372525283     
  0.57910000000000039       0.21980826818046692     
  0.58010000000000039       0.21827753067244102     
  0.58110000000000039       0.21675255331440468     
  0.58210000000000039       0.21523317054940397     
  0.58310000000000040       0.21371947127390042     
  0.58410000000000040       0.21221154547267884     
  0.58510000000000040       0.21070948209866763     
  0.58610000000000040       0.20921336908357210     
  0.58710000000000040       0.20772324251486643     
  0.58810000000000040       0.20623881469853886     
  0.58910000000000040       0.20476008438631355     
  0.59010000000000040       0.20328712234950333     
  0.59110000000000040       0.20181999853369198     
  0.59210000000000040       0.20035878206722427     
  0.59310000000000040       0.19890354126960175     
  0.59410000000000041       0.19745419881466997     
  0.59510000000000041       0.19601058685448816     
  0.59610000000000041       0.19457277847177562     
  0.59710000000000041       0.19314084958729838     
  0.59810000000000041       0.19171487525297495     
  0.59910000000000041       0.19029492966068709     
  0.60010000000000041       0.18888106861254725     
  0.60110000000000041       0.18747303182875646     
  0.60210000000000041       0.18607076537930245     
  0.60310000000000041       0.18467434154536921     
  0.60410000000000041       0.18328383178554836     
  0.60510000000000042       0.18189930674410937     
  0.60610000000000042       0.18052083625917928     
  0.60710000000000042       0.17914843099250471     
  0.60810000000000042       0.17778185616840536     
  0.60910000000000042       0.17642114866053002     
  0.61010000000000042       0.17506639016223574     
  0.61110000000000042       0.17371766146038400     
  0.61210000000000042       0.17237504244431578     
  0.61310000000000042       0.17103861211473048     
  0.61410000000000042       0.16970830505387430     
  0.61510000000000042       0.16838388024112358     
  0.61610000000000043       0.16706537652825817     
  0.61710000000000043       0.16575284177214442     
  0.61810000000000043       0.16444632326190226     
  0.61910000000000043       0.16314586772458306     
  0.62010000000000043       0.16185152133078662     
  0.62110000000000043       0.16056320440245708     
  0.62210000000000043       0.15928078852060920     
  0.62310000000000043       0.15800432946884294     
  0.62410000000000043       0.15673388387867435     
  0.62510000000000043       0.15546950773625404     
  0.62610000000000043       0.15421125638870073     
  0.62710000000000043       0.15295918452566157     
  0.62810000000000044       0.15171313722018281     
  0.62910000000000044       0.15047296634604218     
  0.63010000000000044       0.14923872254392961     
  0.63110000000000044       0.14801045587445757     
  0.63210000000000044       0.14678821582382251     
  0.63310000000000044       0.14557205130940717     
  0.63410000000000044       0.14436201068532389     
  0.63510000000000044       0.14315799322926853     
  0.63610000000000044       0.14195988316126334     
  0.63710000000000044       0.14076773765202041     
  0.63810000000000044       0.13958161342741587     
  0.63910000000000045       0.13840156658282843     
  0.64010000000000045       0.13722765258918806     
  0.64110000000000045       0.13605992629896249     
  0.64210000000000045       0.13489827916674643     
  0.64310000000000045       0.13374253264991448     
  0.64410000000000045       0.13259271991855198     
  0.64510000000000045       0.13144887493857849     
  0.64610000000000045       0.13031103126502366     
  0.64710000000000045       0.12917922204602339     
  0.64810000000000045       0.12805348002677408     
  0.64910000000000045       0.12693377338476944     
  0.65010000000000046       0.12581996338056184     
  0.65110000000000046       0.12471208224026065     
  0.65210000000000046       0.12361017194983064     
  0.65310000000000046       0.12251427401595076     
  0.65410000000000046       0.12142442947057192     
  0.65510000000000046       0.12034067887542832     
  0.65610000000000046       0.11926301821913084     
  0.65710000000000046       0.11819123063100971     
  0.65810000000000046       0.11712530476665292     
  0.65910000000000046       0.11606526856647988     
  0.66010000000000046       0.11501114962628207     
  0.66110000000000047       0.11396297520053542     
  0.66210000000000047       0.11292077220567959     
  0.66310000000000047       0.11188456486044748     
  0.66410000000000047       0.11085424292844519     
  0.66510000000000047       0.10982975951440518     
  0.66610000000000047       0.10881114928489453     
  0.66710000000000047       0.10779844650608694     
  0.66810000000000047       0.10679168504752215     
  0.66910000000000047       0.10579089838582785     
  0.67010000000000047       0.10479611960840381     
  0.67110000000000047       0.10380729138249176     
  0.67210000000000047       0.10282423923958171     
  0.67310000000000048       0.10184697299539307     
  0.67410000000000048       0.10087550926932548     
  0.67510000000000048        9.9909864447219637E-002
  0.67610000000000048        9.8950054683624250E-002
  0.67710000000000048        9.7996095904040681E-002
  0.67810000000000048        9.7047998708140709E-002
  0.67910000000000048        9.6105667114457075E-002
  0.68010000000000048        9.5169076537779271E-002
  0.68110000000000048        9.4238249453578241E-002
  0.68210000000000048        9.3313208056026817E-002
  0.68310000000000048        9.2393974260645134E-002
  0.68410000000000049        9.1480569706919979E-002
  0.68510000000000049        9.0573015760898254E-002
  0.68610000000000049        8.9671269434545522E-002
  0.68710000000000049        8.8775171282746423E-002
  0.68810000000000049        8.7884721838353899E-002
  0.68910000000000049        8.6999931309451467E-002
  0.69010000000000049        8.6120809734912221E-002
  0.69110000000000049        8.5247366986058795E-002
  0.69210000000000049        8.4379612768306481E-002
  0.69310000000000049        8.3517556604985832E-002
  0.69410000000000049        8.2661141424352061E-002
  0.69510000000000050        8.1810318373248772E-002
  0.69610000000000050        8.0965102647297116E-002
  0.69710000000000050        8.0125509233141601E-002
  0.69810000000000050        7.9291552910419366E-002
  0.69910000000000050        7.8463248253710025E-002
  0.70010000000000050        7.7640609634466576E-002
  0.70110000000000050        7.6823641046125032E-002
  0.70210000000000050        7.6012206699555829E-002
  0.70310000000000050        7.5206260635667280E-002
  0.70410000000000050        7.4405803467610873E-002
  0.70510000000000050        7.3610835728236707E-002
  0.70610000000000051        7.2821357870968315E-002
  0.70710000000000051        7.2037370270668907E-002
  0.70810000000000051        7.1258873224498517E-002
  0.70910000000000051        7.0485859249334704E-002
  0.71010000000000051        6.9718271617521574E-002
  0.71110000000000051        6.8956103291204746E-002
  0.71210000000000051        6.8199359623600075E-002
  0.71310000000000051        6.7448045850268951E-002
  0.71410000000000051        6.6702167090282427E-002
  0.71510000000000051        6.5961728347373141E-002
  0.71610000000000051        6.5226734511076592E-002
  0.71710000000000051        6.4497165249875379E-002
  0.71810000000000052        6.3772904722072296E-002
  0.71910000000000052        6.3053931515718323E-002
  0.72010000000000052        6.2340238243967887E-002
  0.72110000000000052        6.1631817512094636E-002
  0.72210000000000052        6.0928661917746658E-002
  0.72310000000000052        6.0230764051198371E-002
  0.72410000000000052        5.9538116495599099E-002
  0.72510000000000052        5.8850707594909062E-002
  0.72610000000000052        5.8168507828395180E-002
  0.72710000000000052        5.7491509877210280E-002
  0.72810000000000052        5.6819710187002388E-002
  0.72910000000000053        5.6153105165831205E-002
  0.73010000000000053        5.5491691184650777E-002
  0.73110000000000053        5.4835464577787651E-002
  0.73210000000000053        5.4184421643413534E-002
  0.73310000000000053        5.3538547187388347E-002
  0.73410000000000053        5.2897755003935634E-002
  0.73510000000000053        5.2262015708684849E-002
  0.73610000000000053        5.1631314242981230E-002
  0.73710000000000053        5.1005635607173964E-002
  0.73810000000000053        5.0384964860321589E-002
  0.73910000000000053        4.9769287119899260E-002
  0.74010000000000054        4.9158587561507885E-002
  0.74110000000000054        4.8552851857742475E-002
  0.74210000000000054        4.7952076642691160E-002
  0.74310000000000054        4.7356254157073417E-002
  0.74410000000000054        4.6765372351871518E-002
  0.74510000000000054        4.6179419214024318E-002
  0.74610000000000054        4.5598382766309856E-002
  0.74710000000000054        4.5022251067227674E-002
  0.74810000000000054        4.4451012210881859E-002
  0.74910000000000054        4.3884654326209367E-002
  0.75010000000000054        4.3323137355702354E-002
  0.75110000000000054        4.2766414816827608E-002
  0.75210000000000055        4.2214464534780671E-002
  0.75310000000000055        4.1667264453514756E-002
  0.75410000000000055        4.1124792634975683E-002
  0.75510000000000055        4.0587027258342137E-002
  0.75610000000000055        4.0053946619272085E-002
  0.75710000000000055        3.9525529129154795E-002
  0.75810000000000055        3.9001764123673108E-002
  0.75910000000000055        3.8482677075501071E-002
  0.76010000000000055        3.7968253184405783E-002
  0.76110000000000055        3.7458472501792475E-002
  0.76210000000000055        3.6953315181040981E-002
  0.76310000000000056        3.6452761476870640E-002
  0.76410000000000056        3.5956791744709539E-002
  0.76510000000000056        3.5465386440068705E-002
  0.76610000000000056        3.4978526077497213E-002
  0.76710000000000056        3.4496187376419109E-002
  0.76810000000000056        3.4018341751545167E-002
  0.76910000000000056        3.3544960634357149E-002
  0.77010000000000056        3.3076015626911391E-002
  0.77110000000000056        3.2611478500682939E-002
  0.77210000000000056        3.2151321195419226E-002
  0.77310000000000056        3.1695515818002215E-002
  0.77410000000000057        3.1244034641319744E-002
  0.77510000000000057        3.0796867287764745E-002
  0.77610000000000057        3.0354066180214960E-002
  0.77710000000000057        2.9915614082546820E-002
  0.77810000000000057        2.9481483854673914E-002
  0.77910000000000057        2.9051648516273773E-002
  0.78010000000000057        2.8626081245719345E-002
  0.78110000000000057        2.8204755379018891E-002
  0.78210000000000057        2.7787644408763947E-002
  0.78310000000000057        2.7374721983085402E-002
  0.78410000000000057        2.6965982245432386E-002
  0.78510000000000058        2.6561417365699027E-002
  0.78610000000000058        2.6160993012420287E-002
  0.78710000000000058        2.5764675034091977E-002
  0.78810000000000058        2.5372429493361510E-002
  0.78910000000000058        2.4984222665560978E-002
  0.79010000000000058        2.4600021037251635E-002
  0.79110000000000058        2.4219791304779820E-002
  0.79210000000000058        2.3843502513899401E-002
  0.79310000000000058        2.3471224189293802E-002
  0.79410000000000058        2.3102975775422151E-002
  0.79510000000000058        2.2738718983144054E-002
  0.79610000000000058        2.2378415768117582E-002
  0.79710000000000059        2.2022028329117611E-002
  0.79810000000000059        2.1669519106367184E-002
  0.79910000000000059        2.1320850779882015E-002
  0.80010000000000059        2.0975986267827665E-002
  0.80110000000000059        2.0634893364937658E-002
  0.80210000000000059        2.0297590000883915E-002
  0.80310000000000059        1.9964063211871712E-002
  0.80410000000000059        1.9634286570269423E-002
  0.80510000000000059        1.9308233805240483E-002
  0.80610000000000059        1.8985878801708458E-002
  0.80710000000000059        1.8667195599329941E-002
  0.80810000000000060        1.8352158391475321E-002
  0.80910000000000060        1.8040741524217127E-002
  0.81010000000000060        1.7733000301071836E-002
  0.81110000000000060        1.7429672371920564E-002
  0.81210000000000060        1.7130615796122028E-002
  0.81310000000000060        1.6835423159537011E-002
  0.81410000000000060        1.6543690006709393E-002
  0.81510000000000060        1.6255014819797034E-002
  0.81610000000000060        1.5968998997668321E-002
  0.81710000000000060        1.5685246835162796E-002
  0.81810000000000060        1.5403365502514430E-002
  0.81910000000000061        1.5123502828174271E-002
  0.82010000000000061        1.4850242425405369E-002
  0.82110000000000061        1.4582335570119840E-002
  0.82210000000000061        1.4316988536966923E-002
  0.82310000000000061        1.4054530306170817E-002
  0.82410000000000061        1.3795420419106195E-002
  0.82510000000000061        1.3539564739108455E-002
  0.82610000000000061        1.3286953559615917E-002
  0.82710000000000061        1.3037581371304082E-002
  0.82810000000000061        1.2791425520147127E-002
  0.82910000000000061        1.2548493796389426E-002
  0.83010000000000062        1.2308762319029940E-002
  0.83110000000000062        1.2072189546487051E-002
  0.83210000000000062        1.1838767962687869E-002
  0.83310000000000062        1.1608472791664021E-002
  0.83410000000000062        1.1381258940118445E-002
  0.83510000000000062        1.1157127050243004E-002
  0.83610000000000062        1.0936067222660955E-002
  0.83710000000000062        1.0718033239513244E-002
  0.83810000000000062        1.0503008103946217E-002
  0.83910000000000062        1.0290979824553403E-002
  0.84010000000000062        1.0081905175311080E-002
  0.84110000000000062        9.8757696420832507E-003
  0.84210000000000063        9.6725787528668464E-003
  0.84310000000000063        9.4722916709501503E-003
  0.84410000000000063        9.2748853511781335E-003
  0.84510000000000063        9.0803569513551469E-003
  0.84610000000000063        8.8886546685584059E-003
  0.84710000000000063        8.6997439800067175E-003
  0.84810000000000063        8.5136462068549704E-003
  0.84910000000000063        8.3303146881296662E-003
  0.85010000000000063        8.1497041974993682E-003
  0.85110000000000063        7.9718216154201337E-003
  0.85210000000000063        7.7966313160615225E-003
  0.85310000000000064        7.6240923764890750E-003
  0.85410000000000064        7.4542229540906033E-003
  0.85510000000000064        7.2869934924815489E-003
  0.85610000000000064        7.1223540836085437E-003
  0.85710000000000064        6.9603013084281904E-003
  0.85810000000000064        6.8008170748078229E-003
  0.85910000000000064        6.6438592790800206E-003
  0.86010000000000064        6.4894231727474676E-003
  0.86110000000000064        6.3375087992739460E-003
  0.86210000000000064        6.1880767770664319E-003
  0.86310000000000064        6.0411112873131013E-003
  0.86410000000000065        5.8966103560078986E-003
  0.86510000000000065        5.7545153763047929E-003
  0.86610000000000065        5.6147875015970256E-003
  0.86710000000000065        5.4774554839495610E-003
  0.86810000000000065        5.3424678309825042E-003
  0.86910000000000065        5.2097699010973499E-003
  0.87010000000000065        5.0793722681550255E-003
  0.87110000000000065        4.9512485237051818E-003
  0.87210000000000065        4.8253579020576948E-003
  0.87310000000000065        4.7017112888666735E-003
  0.87410000000000065        4.5802944494173622E-003
  0.87510000000000066        4.4610630620167792E-003
  0.87610000000000066        4.3440076183813266E-003
  0.87710000000000066        4.2291226348406125E-003
  0.87810000000000066        4.1163530438552707E-003
  0.87910000000000066        4.0056691615944270E-003
  0.88010000000000066        3.8970961532677068E-003
  0.88110000000000066        3.7905848791991333E-003
  0.88210000000000066        3.6860887780705664E-003
  0.88310000000000066        3.5836237909821372E-003
  0.88410000000000066        3.4831554569238355E-003
  0.88510000000000066        3.3846353326955885E-003
  0.88610000000000066        3.2880776144539568E-003
  0.88710000000000067        3.1934687009611586E-003
  0.88810000000000067        3.1007571424715732E-003
  0.88910000000000067        3.0099265106390467E-003
  0.89010000000000067        2.9209821660955435E-003
  0.89110000000000067        2.8338727055323746E-003
  0.89210000000000067        2.7485634670898111E-003
  0.89310000000000067        2.6650831506991276E-003
  0.89410000000000067        2.5833886538086594E-003
  0.89510000000000067        2.5034300455474352E-003
  0.89610000000000067        2.4252218254673568E-003
  0.89710000000000067        2.3487387963388273E-003
  0.89810000000000068        2.2739297268131176E-003
  0.89910000000000068        2.2007908808585651E-003
  0.90010000000000068        2.1293308610952771E-003
  0.90110000000000068        2.0594973424704864E-003
  0.90210000000000068        1.9912564447445344E-003
  0.90310000000000068        1.9246290212957171E-003
  0.90410000000000068        1.8595699441608278E-003
  0.90510000000000068        1.7960305075153716E-003
  0.90610000000000068        1.7340363393822306E-003
  0.90710000000000068        1.6735642264185514E-003
  0.90810000000000068        1.6145595674829721E-003
  0.90910000000000069        1.5570101913889194E-003
  0.91010000000000069        1.5009244477760515E-003
  0.91110000000000069        1.4462525898560404E-003
  0.91210000000000069        1.3929599594508537E-003
  0.91310000000000069        1.3410775013887452E-003
  0.91410000000000069        1.2905655102028921E-003
  0.91510000000000069        1.2413736429969209E-003
  0.91610000000000069        1.1935150543379248E-003
  0.91710000000000069        1.1469741347323878E-003
  0.91810000000000069        1.1016984754463250E-003
  0.91910000000000069        1.0576685894035686E-003
  0.92010000000000070        1.0149104844257445E-003
  0.92110000000000070        9.7337340183561169E-004
  0.92210000000000070        9.3300981459027712E-004
  0.92310000000000070        8.9384405189218909E-004
  0.92410000000000070        8.5584820279548904E-004
  0.92510000000000070        8.1897254709778239E-004
  0.92610000000000070        7.8321501541173675E-004
  0.92710000000000070        7.4858781654753401E-004
  0.92810000000000070        7.1503919244324677E-004
  0.92910000000000070        6.8253044481564014E-004
  0.93010000000000070        6.5108970644689739E-004
  0.93110000000000070        6.2067989613786179E-004
  0.93210000000000071        5.9125101552624998E-004
  0.93310000000000071        5.6281473471164127E-004
  0.93410000000000071        5.3537090259007784E-004
  0.93510000000000071        5.0886706512594986E-004
  0.93610000000000071        4.8326988740940587E-004
  0.93710000000000071        4.5860804185569458E-004
  0.93810000000000071        4.3484174935408193E-004
  0.93910000000000071        4.1192350543628638E-004
  0.94010000000000071        3.8987169899811814E-004
  0.94110000000000071        3.6867941947924687E-004
  0.94210000000000071        3.4829612760834219E-004
  0.94310000000000072        3.2869324622778216E-004
  0.94410000000000072        3.0989910214468831E-004
  0.94510000000000072        2.9187213440316561E-004
  0.94610000000000072        2.7456515356378593E-004
  0.94710000000000072        2.5799912116114142E-004
  0.94810000000000072        2.4216558685889408E-004
  0.94910000000000072        2.2701354875727086E-004
  0.95010000000000072        2.1251353466521285E-004
  0.95110000000000072        1.9869540910118260E-004
  0.95210000000000072        1.8552054364789206E-004
  0.95310000000000072        1.7294392276390094E-004
  0.95410000000000073        1.6098367223206771E-004
  0.95510000000000073        1.4963516183768874E-004
  0.95610000000000073        1.3884945521290182E-004
  0.95710000000000073        1.2859488910894320E-004
  0.95810000000000073        1.1890238791251051E-004
  0.95910000000000073        1.0973750054845430E-004
  0.96010000000000073        1.0105660662766301E-004
  0.96110000000000073        9.2869867551406061E-005
  0.96210000000000073        8.5181939591624838E-005
  0.96310000000000073        7.7946182272941859E-005
  0.96410000000000073        7.1126985621337716E-005
  0.96510000000000074        6.4755374914459218E-005
  0.96610000000000074        5.8803291648882439E-005
  0.96710000000000074        5.3228283230677151E-005
  0.96810000000000074        4.8027833584881391E-005
  0.96910000000000074        4.3219948469405833E-005
  0.97010000000000074        3.8759217263638598E-005
  0.97110000000000074        3.4603996773272334E-005
  0.97210000000000074        3.0780048982476041E-005
  0.97310000000000074        2.7272708452203144E-005
  0.97410000000000074        2.4043732652566901E-005
  0.97510000000000074        2.1077615829315675E-005
  0.97610000000000074        1.8402241650234539E-005
  0.97710000000000075        1.5979070051301688E-005
  0.97810000000000075        1.3765281055780696E-005
  0.97910000000000075        1.1771243000139811E-005
  0.98010000000000075        1.0000474556142583E-005
  0.98110000000000075        8.4196011548989150E-006
  0.98210000000000075        7.0037754893106537E-006
  0.98310000000000075        5.7817758276914668E-006
  0.98410000000000075        4.7286355489559043E-006
  0.98510000000000075        3.8059952991918357E-006
  0.98610000000000075        3.0028242064256165E-006
  0.98710000000000075        2.3402636504889505E-006
  0.98810000000000076        1.7900159252855605E-006
  0.98910000000000076        1.3232114211468219E-006
  0.99010000000000076        9.5650712507579058E-007
  0.99110000000000076        6.8542122054703668E-007
  0.99210000000000076        4.7765592254651887E-007
  0.99310000000000076        3.1013821512733587E-007
  0.99410000000000076        2.0945329280199297E-007
  0.99510000000000076        1.5378526665176732E-007
  0.99610000000000076        1.1088162027344931E-007
  0.99710000000000076        6.6906256555514362E-008
  0.99810000000000076        4.0005555056426809E-008
  0.99910000000000077        2.0393018981322929E-008
